    8.206192612570751         cutoff radius
         1456    number of vectors
vector:                   1                   1                   1                   1
      0.000000000000      0.000000000000      0.000000000000
force constant matrix:
      9.754925314816      0.000000000000      0.000000000000
      0.000000000000      9.754925314816      0.000000000000
      0.000000000000      0.000000000000      9.754925314816
vector:                   1                   2                   1                   1
      2.354490000000      2.354490000000      2.354490000000
force constant matrix:
     -0.045518974626      0.028867745443      0.028867745443
      0.028867745443     -0.045518974626      0.028867745443
      0.028867745443      0.028867745443     -0.045518974626
vector:                   1                   3                   1                   1
      1.177245000000      2.354490000000      0.000000000000
force constant matrix:
     -0.311934311535     -0.828790980798      0.000000000000
     -0.828790980798     -1.824973464420      0.000000000000
      0.000000000000      0.000000000000      0.017019636827
vector:                   1                   4                   1                   1
      3.531735000000      2.354490000000      0.000000000000
force constant matrix:
     -0.087395014840     -0.238017547499      0.000000000000
     -0.238017547499      0.062196663006      0.000000000000
      0.000000000000      0.000000000000     -0.017780928025
vector:                   1                   5                   1                   1
      0.000000000000      1.177245000000      2.354490000000
force constant matrix:
      0.017019636827      0.000000000000      0.000000000000
      0.000000000000     -0.311934311535     -0.828790980798
      0.000000000000     -0.828790980798     -1.824973464420
vector:                   1                   6                   1                   1
      0.000000000000      3.531735000000      2.354490000000
force constant matrix:
     -0.017780928025      0.000000000000      0.000000000000
      0.000000000000     -0.087395014840     -0.238017547499
      0.000000000000     -0.238017547499      0.062196663006
vector:                   1                   7                   1                   1
      2.354490000000      0.000000000000      1.177245000000
force constant matrix:
     -1.824973464420      0.000000000000     -0.828790980798
      0.000000000000      0.017019636827      0.000000000000
     -0.828790980798      0.000000000000     -0.311934311535
vector:                   1                   8                   1                   1
      2.354490000000      0.000000000000      3.531735000000
force constant matrix:
      0.062196663006      0.000000000000     -0.238017547499
      0.000000000000     -0.017780928025      0.000000000000
     -0.238017547499      0.000000000000     -0.087395014840
vector:                   2                   1                   1                   1
     -2.354490000000     -2.354490000000     -2.354490000000
force constant matrix:
     -0.045518974626      0.028867745443      0.028867745443
      0.028867745443     -0.045518974626      0.028867745443
      0.028867745443      0.028867745443     -0.045518974626
vector:                   2                   2                   1                   1
      0.000000000000      0.000000000000      0.000000000000
force constant matrix:
      9.754925314816      0.000000000000      0.000000000000
      0.000000000000      9.754925314816      0.000000000000
      0.000000000000      0.000000000000      9.754925314816
vector:                   2                   3                   1                   1
     -1.177245000000      0.000000000000     -2.354490000000
force constant matrix:
     -0.311934311535      0.000000000000     -0.828790980798
      0.000000000000      0.017019636827      0.000000000000
     -0.828790980798      0.000000000000     -1.824973464420
vector:                   2                   4                   1                   1
      1.177245000000      0.000000000000     -2.354490000000
force constant matrix:
     -0.311934311535      0.000000000000      0.828790980798
      0.000000000000      0.017019636827      0.000000000000
      0.828790980798      0.000000000000     -1.824973464420
vector:                   2                   5                   1                   1
     -2.354490000000     -1.177245000000      0.000000000000
force constant matrix:
     -1.824973464420     -0.828790980798      0.000000000000
     -0.828790980798     -0.311934311535      0.000000000000
      0.000000000000      0.000000000000      0.017019636827
vector:                   2                   6                   1                   1
     -2.354490000000      1.177245000000      0.000000000000
force constant matrix:
     -1.824973464420      0.828790980798      0.000000000000
      0.828790980798     -0.311934311535      0.000000000000
      0.000000000000      0.000000000000      0.017019636827
vector:                   2                   7                   1                   1
      0.000000000000     -2.354490000000     -1.177245000000
force constant matrix:
      0.017019636827      0.000000000000      0.000000000000
      0.000000000000     -1.824973464420     -0.828790980798
      0.000000000000     -0.828790980798     -0.311934311535
vector:                   2                   8                   1                   1
      0.000000000000     -2.354490000000      1.177245000000
force constant matrix:
      0.017019636827      0.000000000000      0.000000000000
      0.000000000000     -1.824973464420      0.828790980798
      0.000000000000      0.828790980798     -0.311934311535
vector:                   3                   1                   1                   1
     -1.177245000000     -2.354490000000      0.000000000000
force constant matrix:
     -0.311934311535     -0.828790980798      0.000000000000
     -0.828790980798     -1.824973464420      0.000000000000
      0.000000000000      0.000000000000      0.017019636827
vector:                   3                   2                   1                   1
      1.177245000000      0.000000000000      2.354490000000
force constant matrix:
     -0.311934311535      0.000000000000     -0.828790980798
      0.000000000000      0.017019636827      0.000000000000
     -0.828790980798      0.000000000000     -1.824973464420
vector:                   3                   3                   1                   1
      0.000000000000      0.000000000000      0.000000000000
force constant matrix:
      9.225901201639      0.000000000000      0.000000000000
      0.000000000000      7.019507596139      0.000000000000
      0.000000000000      0.000000000000      7.019507596139
vector:                   3                   4                   1                   1
      2.354490000000      0.000000000000      0.000000000000
force constant matrix:
     -1.094799587062      0.000000000000      0.000000000000
      0.000000000000      0.942357424089      0.000000000000
      0.000000000000      0.000000000000      0.437852759448
vector:                   3                   5                   1                   1
     -1.177245000000     -1.177245000000      2.354490000000
force constant matrix:
     -0.319737436772     -0.213780586600     -0.003336713197
     -0.213780586600     -0.319737436772     -0.003336713197
     -0.003336713197     -0.003336713197     -0.313074943813
vector:                   3                   6                   1                   1
     -1.177245000000      1.177245000000      2.354490000000
force constant matrix:
     -0.319737436772      0.213780586600     -0.003336713197
      0.213780586600     -0.319737436772      0.003336713197
     -0.003336713197      0.003336713197     -0.313074943813
vector:                   3                   7                   1                   1
      1.177245000000     -2.354490000000      1.177245000000
force constant matrix:
     -0.319737436772     -0.003336713197     -0.213780586600
     -0.003336713197     -0.313074943813     -0.003336713197
     -0.213780586600     -0.003336713197     -0.319737436772
vector:                   3                   8                   1                   1
      1.177245000000     -2.354490000000      3.531735000000
force constant matrix:
     -0.087202770029     -0.018921313979     -0.058133666686
     -0.018921313979     -0.038851270892      0.370363219643
     -0.058133666686      0.370363219643     -0.188665927185
vector:                   4                   1                   1                   1
     -3.531735000000     -2.354490000000      0.000000000000
force constant matrix:
     -0.087395014840     -0.238017547499      0.000000000000
     -0.238017547499      0.062196663006      0.000000000000
      0.000000000000      0.000000000000     -0.017780928025
vector:                   4                   2                   1                   1
     -1.177245000000      0.000000000000      2.354490000000
force constant matrix:
     -0.311934311535      0.000000000000      0.828790980798
      0.000000000000      0.017019636827      0.000000000000
      0.828790980798      0.000000000000     -1.824973464420
vector:                   4                   3                   1                   1
     -2.354490000000      0.000000000000      0.000000000000
force constant matrix:
     -1.094799587062      0.000000000000      0.000000000000
      0.000000000000      0.942357424089      0.000000000000
      0.000000000000      0.000000000000      0.437852759448
vector:                   4                   4                   1                   1
      0.000000000000      0.000000000000      0.000000000000
force constant matrix:
      9.225901201639      0.000000000000      0.000000000000
      0.000000000000      7.019507596139      0.000000000000
      0.000000000000      0.000000000000      7.019507596139
vector:                   4                   5                   1                   1
     -3.531735000000     -1.177245000000      2.354490000000
force constant matrix:
     -0.188665927185     -0.058133666686      0.370363219643
     -0.058133666686     -0.087202770029     -0.018921313979
      0.370363219643     -0.018921313979     -0.038851270892
vector:                   4                   6                   1                   1
     -3.531735000000      1.177245000000      2.354490000000
force constant matrix:
     -0.188665927185      0.058133666686      0.370363219643
      0.058133666686     -0.087202770029      0.018921313979
      0.370363219643      0.018921313979     -0.038851270892
vector:                   4                   7                   1                   1
     -1.177245000000     -2.354490000000      1.177245000000
force constant matrix:
     -0.319737436772      0.003336713197      0.213780586600
      0.003336713197     -0.313074943813     -0.003336713197
      0.213780586600     -0.003336713197     -0.319737436772
vector:                   4                   8                   1                   1
     -1.177245000000     -2.354490000000      3.531735000000
force constant matrix:
     -0.087202770029      0.018921313979      0.058133666686
      0.018921313979     -0.038851270892      0.370363219643
      0.058133666686      0.370363219643     -0.188665927185
vector:                   5                   1                   1                   1
      0.000000000000     -1.177245000000     -2.354490000000
force constant matrix:
      0.017019636827      0.000000000000      0.000000000000
      0.000000000000     -0.311934311535     -0.828790980798
      0.000000000000     -0.828790980798     -1.824973464420
vector:                   5                   2                   1                   1
      2.354490000000      1.177245000000      0.000000000000
force constant matrix:
     -1.824973464420     -0.828790980798      0.000000000000
     -0.828790980798     -0.311934311535      0.000000000000
      0.000000000000      0.000000000000      0.017019636827
vector:                   5                   3                   1                   1
      1.177245000000      1.177245000000     -2.354490000000
force constant matrix:
     -0.319737436772     -0.213780586600     -0.003336713197
     -0.213780586600     -0.319737436772     -0.003336713197
     -0.003336713197     -0.003336713197     -0.313074943813
vector:                   5                   4                   1                   1
      3.531735000000      1.177245000000     -2.354490000000
force constant matrix:
     -0.188665927185     -0.058133666686      0.370363219643
     -0.058133666686     -0.087202770029     -0.018921313979
      0.370363219643     -0.018921313979     -0.038851270892
vector:                   5                   5                   1                   1
      0.000000000000      0.000000000000      0.000000000000
force constant matrix:
      7.019507596139      0.000000000000      0.000000000000
      0.000000000000      9.225901201639      0.000000000000
      0.000000000000      0.000000000000      7.019507596139
vector:                   5                   6                   1                   1
      0.000000000000      2.354490000000      0.000000000000
force constant matrix:
      0.437852759448      0.000000000000      0.000000000000
      0.000000000000     -1.094799587062      0.000000000000
      0.000000000000      0.000000000000      0.942357424089
vector:                   5                   7                   1                   1
      2.354490000000     -1.177245000000     -1.177245000000
force constant matrix:
     -0.313074943813     -0.003336713197     -0.003336713197
     -0.003336713197     -0.319737436772     -0.213780586600
     -0.003336713197     -0.213780586600     -0.319737436772
vector:                   5                   8                   1                   1
      2.354490000000     -1.177245000000      1.177245000000
force constant matrix:
     -0.313074943813     -0.003336713197      0.003336713197
     -0.003336713197     -0.319737436772      0.213780586600
      0.003336713197      0.213780586600     -0.319737436772
vector:                   6                   1                   1                   1
      0.000000000000     -3.531735000000     -2.354490000000
force constant matrix:
     -0.017780928025      0.000000000000      0.000000000000
      0.000000000000     -0.087395014840     -0.238017547499
      0.000000000000     -0.238017547499      0.062196663006
vector:                   6                   2                   1                   1
      2.354490000000     -1.177245000000      0.000000000000
force constant matrix:
     -1.824973464420      0.828790980798      0.000000000000
      0.828790980798     -0.311934311535      0.000000000000
      0.000000000000      0.000000000000      0.017019636827
vector:                   6                   3                   1                   1
      1.177245000000     -1.177245000000     -2.354490000000
force constant matrix:
     -0.319737436772      0.213780586600     -0.003336713197
      0.213780586600     -0.319737436772      0.003336713197
     -0.003336713197      0.003336713197     -0.313074943813
vector:                   6                   4                   1                   1
      3.531735000000     -1.177245000000     -2.354490000000
force constant matrix:
     -0.188665927185      0.058133666686      0.370363219643
      0.058133666686     -0.087202770029      0.018921313979
      0.370363219643      0.018921313979     -0.038851270892
vector:                   6                   5                   1                   1
      0.000000000000     -2.354490000000      0.000000000000
force constant matrix:
      0.437852759448      0.000000000000      0.000000000000
      0.000000000000     -1.094799587062      0.000000000000
      0.000000000000      0.000000000000      0.942357424089
vector:                   6                   6                   1                   1
      0.000000000000      0.000000000000      0.000000000000
force constant matrix:
      7.019507596139      0.000000000000      0.000000000000
      0.000000000000      9.225901201639      0.000000000000
      0.000000000000      0.000000000000      7.019507596139
vector:                   6                   7                   1                   1
      2.354490000000     -3.531735000000     -1.177245000000
force constant matrix:
     -0.038851270892      0.370363219643     -0.018921313979
      0.370363219643     -0.188665927185     -0.058133666686
     -0.018921313979     -0.058133666686     -0.087202770029
vector:                   6                   8                   1                   1
      2.354490000000     -3.531735000000      1.177245000000
force constant matrix:
     -0.038851270892      0.370363219643      0.018921313979
      0.370363219643     -0.188665927185      0.058133666686
      0.018921313979      0.058133666686     -0.087202770029
vector:                   7                   1                   1                   1
     -2.354490000000      0.000000000000     -1.177245000000
force constant matrix:
     -1.824973464420      0.000000000000     -0.828790980798
      0.000000000000      0.017019636827      0.000000000000
     -0.828790980798      0.000000000000     -0.311934311535
vector:                   7                   2                   1                   1
      0.000000000000      2.354490000000      1.177245000000
force constant matrix:
      0.017019636827      0.000000000000      0.000000000000
      0.000000000000     -1.824973464420     -0.828790980798
      0.000000000000     -0.828790980798     -0.311934311535
vector:                   7                   3                   1                   1
     -1.177245000000      2.354490000000     -1.177245000000
force constant matrix:
     -0.319737436772     -0.003336713197     -0.213780586600
     -0.003336713197     -0.313074943813     -0.003336713197
     -0.213780586600     -0.003336713197     -0.319737436772
vector:                   7                   4                   1                   1
      1.177245000000      2.354490000000     -1.177245000000
force constant matrix:
     -0.319737436772      0.003336713197      0.213780586600
      0.003336713197     -0.313074943813     -0.003336713197
      0.213780586600     -0.003336713197     -0.319737436772
vector:                   7                   5                   1                   1
     -2.354490000000      1.177245000000      1.177245000000
force constant matrix:
     -0.313074943813     -0.003336713197     -0.003336713197
     -0.003336713197     -0.319737436772     -0.213780586600
     -0.003336713197     -0.213780586600     -0.319737436772
vector:                   7                   6                   1                   1
     -2.354490000000      3.531735000000      1.177245000000
force constant matrix:
     -0.038851270892      0.370363219643     -0.018921313979
      0.370363219643     -0.188665927185     -0.058133666686
     -0.018921313979     -0.058133666686     -0.087202770029
vector:                   7                   7                   1                   1
      0.000000000000      0.000000000000      0.000000000000
force constant matrix:
      7.019507596139      0.000000000000      0.000000000000
      0.000000000000      7.019507596139      0.000000000000
      0.000000000000      0.000000000000      9.225901201639
vector:                   7                   8                   1                   1
      0.000000000000      0.000000000000      2.354490000000
force constant matrix:
      0.942357424089      0.000000000000      0.000000000000
      0.000000000000      0.437852759448      0.000000000000
      0.000000000000      0.000000000000     -1.094799587062
vector:                   8                   1                   1                   1
     -2.354490000000      0.000000000000     -3.531735000000
force constant matrix:
      0.062196663006      0.000000000000     -0.238017547499
      0.000000000000     -0.017780928025      0.000000000000
     -0.238017547499      0.000000000000     -0.087395014840
vector:                   8                   2                   1                   1
      0.000000000000      2.354490000000     -1.177245000000
force constant matrix:
      0.017019636827      0.000000000000      0.000000000000
      0.000000000000     -1.824973464420      0.828790980798
      0.000000000000      0.828790980798     -0.311934311535
vector:                   8                   3                   1                   1
     -1.177245000000      2.354490000000     -3.531735000000
force constant matrix:
     -0.087202770029     -0.018921313979     -0.058133666686
     -0.018921313979     -0.038851270892      0.370363219643
     -0.058133666686      0.370363219643     -0.188665927185
vector:                   8                   4                   1                   1
      1.177245000000      2.354490000000     -3.531735000000
force constant matrix:
     -0.087202770029      0.018921313979      0.058133666686
      0.018921313979     -0.038851270892      0.370363219643
      0.058133666686      0.370363219643     -0.188665927185
vector:                   8                   5                   1                   1
     -2.354490000000      1.177245000000     -1.177245000000
force constant matrix:
     -0.313074943813     -0.003336713197      0.003336713197
     -0.003336713197     -0.319737436772      0.213780586600
      0.003336713197      0.213780586600     -0.319737436772
vector:                   8                   6                   1                   1
     -2.354490000000      3.531735000000     -1.177245000000
force constant matrix:
     -0.038851270892      0.370363219643      0.018921313979
      0.370363219643     -0.188665927185      0.058133666686
      0.018921313979      0.058133666686     -0.087202770029
vector:                   8                   7                   1                   1
      0.000000000000      0.000000000000     -2.354490000000
force constant matrix:
      0.942357424089      0.000000000000      0.000000000000
      0.000000000000      0.437852759448      0.000000000000
      0.000000000000      0.000000000000     -1.094799587062
vector:                   8                   8                   1                   1
      0.000000000000      0.000000000000      0.000000000000
force constant matrix:
      7.019507596139      0.000000000000      0.000000000000
      0.000000000000      7.019507596139      0.000000000000
      0.000000000000      0.000000000000      9.225901201639
vector:                   1                   1                   2                   2
     -4.708980000000      0.000000000000      0.000000000000
force constant matrix:
     -0.219680820344      0.000000000000      0.000000000000
      0.000000000000     -0.030149139917      0.000000000000
      0.000000000000      0.000000000000      0.036712540288
vector:                   1                   2                   2                   1
     -2.354490000000      2.354490000000      2.354490000000
force constant matrix:
     -0.045518974626     -0.028867745443     -0.028867745443
     -0.028867745443     -0.045518974626      0.028867745443
     -0.028867745443      0.028867745443     -0.045518974626
vector:                   1                   3                   2                   1
     -3.531735000000      2.354490000000      0.000000000000
force constant matrix:
     -0.087395014840      0.238017547499      0.000000000000
      0.238017547499      0.062196663006      0.000000000000
      0.000000000000      0.000000000000     -0.017780928025
vector:                   1                   4                   2                   1
     -1.177245000000      2.354490000000      0.000000000000
force constant matrix:
     -0.311934311535      0.828790980798      0.000000000000
      0.828790980798     -1.824973464420      0.000000000000
      0.000000000000      0.000000000000      0.017019636827
vector:                   1                   5                   2                   2
     -4.708980000000      1.177245000000      2.354490000000
force constant matrix:
     -0.033963290225      0.000000000000      0.000000000000
      0.000000000000      0.002616855191      0.017438109127
      0.000000000000      0.017438109127     -0.002491475055
vector:                   1                   6                   2                   2
     -4.708980000000      3.531735000000      2.354490000000
force constant matrix:
     -0.007468672545      0.000000000000      0.000000000000
      0.000000000000      0.006809646357     -0.000061717249
      0.000000000000     -0.000061717249     -0.005593264531
vector:                   1                   7                   2                   1
     -2.354490000000      0.000000000000      1.177245000000
force constant matrix:
     -1.824973464420      0.000000000000      0.828790980798
      0.000000000000      0.017019636827      0.000000000000
      0.828790980798      0.000000000000     -0.311934311535
vector:                   1                   8                   2                   1
     -2.354490000000      0.000000000000      3.531735000000
force constant matrix:
      0.062196663006      0.000000000000      0.238017547499
      0.000000000000     -0.017780928025      0.000000000000
      0.238017547499      0.000000000000     -0.087395014840
vector:                   2                   1                   2                   0
     -7.063470000000     -2.354490000000     -2.354490000000
force constant matrix:
     -0.000158289860      0.000000000000      0.000000000000
      0.000000000000     -0.000158289860      0.000000000000
      0.000000000000      0.000000000000     -0.000158289860
vector:                   2                   2                   2                   2
     -4.708980000000      0.000000000000      0.000000000000
force constant matrix:
     -0.219680820344      0.000000000000      0.000000000000
      0.000000000000      0.036712540288      0.000000000000
      0.000000000000      0.000000000000     -0.030149139917
vector:                   2                   3                   2                   0
     -5.886225000000      0.000000000000     -2.354490000000
force constant matrix:
     -0.000042710288      0.000000000000      0.000000000000
      0.000000000000     -0.000055136883      0.000000000000
      0.000000000000      0.000000000000     -0.000055136883
vector:                   2                   4                   2                   1
     -3.531735000000      0.000000000000     -2.354490000000
force constant matrix:
     -0.087395014840      0.000000000000     -0.238017547499
      0.000000000000     -0.017780928025      0.000000000000
     -0.238017547499      0.000000000000      0.062196663006
vector:                   2                   5                   2                   0
     -7.063470000000     -1.177245000000      0.000000000000
force constant matrix:
     -0.000055136883      0.000000000000      0.000000000000
      0.000000000000     -0.000042710288      0.000000000000
      0.000000000000      0.000000000000     -0.000055136883
vector:                   2                   6                   2                   0
     -7.063470000000      1.177245000000      0.000000000000
force constant matrix:
     -0.000055136883      0.000000000000      0.000000000000
      0.000000000000     -0.000042710288      0.000000000000
      0.000000000000      0.000000000000     -0.000055136883
vector:                   2                   7                   2                   2
     -4.708980000000     -2.354490000000     -1.177245000000
force constant matrix:
     -0.033963290225      0.000000000000      0.000000000000
      0.000000000000     -0.002491475055      0.017438109127
      0.000000000000      0.017438109127      0.002616855191
vector:                   2                   8                   2                   2
     -4.708980000000     -2.354490000000      1.177245000000
force constant matrix:
     -0.033963290225      0.000000000000      0.000000000000
      0.000000000000     -0.002491475055     -0.017438109127
      0.000000000000     -0.017438109127      0.002616855191
vector:                   3                   1                   2                   0
     -5.886225000000     -2.354490000000      0.000000000000
force constant matrix:
     -0.000042710288      0.000000000000      0.000000000000
      0.000000000000     -0.000055136883      0.000000000000
      0.000000000000      0.000000000000     -0.000055136883
vector:                   3                   2                   2                   1
     -3.531735000000      0.000000000000      2.354490000000
force constant matrix:
     -0.087395014840      0.000000000000      0.238017547499
      0.000000000000     -0.017780928025      0.000000000000
      0.238017547499      0.000000000000      0.062196663006
vector:                   3                   3                   2                   2
     -4.708980000000      0.000000000000      0.000000000000
force constant matrix:
     -0.415766257247      0.000000000000      0.000000000000
      0.000000000000     -0.390163022841      0.000000000000
      0.000000000000      0.000000000000     -0.390163022841
vector:                   3                   4                   2                   1
     -2.354490000000      0.000000000000      0.000000000000
force constant matrix:
     -1.094799587062      0.000000000000      0.000000000000
      0.000000000000      0.437852759448      0.000000000000
      0.000000000000      0.000000000000      0.942357424089
vector:                   3                   5                   2                   0
     -5.886225000000     -1.177245000000      2.354490000000
force constant matrix:
      0.000060442689      0.000000000000      0.000000000000
      0.000000000000      0.000060442689      0.000000000000
      0.000000000000      0.000000000000      0.000048016093
vector:                   3                   6                   2                   0
     -5.886225000000      1.177245000000      2.354490000000
force constant matrix:
      0.000060442689      0.000000000000      0.000000000000
      0.000000000000      0.000060442689      0.000000000000
      0.000000000000      0.000000000000      0.000048016093
vector:                   3                   7                   2                   1
     -3.531735000000     -2.354490000000      1.177245000000
force constant matrix:
     -0.188665927185     -0.370363219643      0.058133666686
     -0.370363219643     -0.038851270892     -0.018921313979
      0.058133666686     -0.018921313979     -0.087202770029
vector:                   3                   8                   2                   1
     -3.531735000000     -2.354490000000      3.531735000000
force constant matrix:
     -0.033624234486     -0.063250225706      0.128778016983
     -0.063250225706     -0.062670147201      0.063250225706
      0.128778016983      0.063250225706     -0.033624234486
vector:                   4                   2                   2                   0
     -5.886225000000      0.000000000000      2.354490000000
force constant matrix:
     -0.000042710288      0.000000000000      0.000000000000
      0.000000000000     -0.000055136883      0.000000000000
      0.000000000000      0.000000000000     -0.000055136883
vector:                   4                   3                   2                   0
     -7.063470000000      0.000000000000      0.000000000000
force constant matrix:
      0.000072869284      0.000000000000      0.000000000000
      0.000000000000      0.000048016093      0.000000000000
      0.000000000000      0.000000000000      0.000048016093
vector:                   4                   4                   2                   2
     -4.708980000000      0.000000000000      0.000000000000
force constant matrix:
     -0.415766257247      0.000000000000      0.000000000000
      0.000000000000     -0.390163022841      0.000000000000
      0.000000000000      0.000000000000     -0.390163022841
vector:                   4                   7                   2                   0
     -5.886225000000     -2.354490000000      1.177245000000
force constant matrix:
      0.000060442689      0.000000000000      0.000000000000
      0.000000000000      0.000048016093      0.000000000000
      0.000000000000      0.000000000000      0.000060442689
vector:                   4                   8                   2                   0
     -5.886225000000     -2.354490000000      3.531735000000
force constant matrix:
      0.000060442689      0.000000000000      0.000000000000
      0.000000000000      0.000048016093      0.000000000000
      0.000000000000      0.000000000000      0.000060442689
vector:                   5                   1                   2                   2
     -4.708980000000     -1.177245000000     -2.354490000000
force constant matrix:
     -0.033963290225      0.000000000000      0.000000000000
      0.000000000000      0.002616855191      0.017438109127
      0.000000000000      0.017438109127     -0.002491475055
vector:                   5                   2                   2                   1
     -2.354490000000      1.177245000000      0.000000000000
force constant matrix:
     -1.824973464420      0.828790980798      0.000000000000
      0.828790980798     -0.311934311535      0.000000000000
      0.000000000000      0.000000000000      0.017019636827
vector:                   5                   3                   2                   1
     -3.531735000000      1.177245000000     -2.354490000000
force constant matrix:
     -0.188665927185      0.058133666686     -0.370363219643
      0.058133666686     -0.087202770029     -0.018921313979
     -0.370363219643     -0.018921313979     -0.038851270892
vector:                   5                   4                   2                   1
     -1.177245000000      1.177245000000     -2.354490000000
force constant matrix:
     -0.319737436772      0.213780586600      0.003336713197
      0.213780586600     -0.319737436772     -0.003336713197
      0.003336713197     -0.003336713197     -0.313074943813
vector:                   5                   5                   2                   2
     -4.708980000000      0.000000000000      0.000000000000
force constant matrix:
     -0.328397992866      0.000000000000      0.000000000000
      0.000000000000     -0.090034562939      0.000000000000
      0.000000000000      0.000000000000     -0.126952892526
vector:                   5                   6                   2                   2
     -4.708980000000      2.354490000000      0.000000000000
force constant matrix:
      0.633021364894      0.000000000000      0.000000000000
      0.000000000000      0.022458063856      0.000000000000
      0.000000000000      0.000000000000      0.052974787625
vector:                   5                   7                   2                   1
     -2.354490000000     -1.177245000000     -1.177245000000
force constant matrix:
     -0.313074943813      0.003336713197      0.003336713197
      0.003336713197     -0.319737436772     -0.213780586600
      0.003336713197     -0.213780586600     -0.319737436772
vector:                   5                   8                   2                   1
     -2.354490000000     -1.177245000000      1.177245000000
force constant matrix:
     -0.313074943813      0.003336713197     -0.003336713197
      0.003336713197     -0.319737436772      0.213780586600
     -0.003336713197      0.213780586600     -0.319737436772
vector:                   6                   1                   2                   2
     -4.708980000000     -3.531735000000     -2.354490000000
force constant matrix:
     -0.007468672545      0.000000000000      0.000000000000
      0.000000000000      0.006809646357     -0.000061717249
      0.000000000000     -0.000061717249     -0.005593264531
vector:                   6                   2                   2                   1
     -2.354490000000     -1.177245000000      0.000000000000
force constant matrix:
     -1.824973464420     -0.828790980798      0.000000000000
     -0.828790980798     -0.311934311535      0.000000000000
      0.000000000000      0.000000000000      0.017019636827
vector:                   6                   3                   2                   1
     -3.531735000000     -1.177245000000     -2.354490000000
force constant matrix:
     -0.188665927185     -0.058133666686     -0.370363219643
     -0.058133666686     -0.087202770029      0.018921313979
     -0.370363219643      0.018921313979     -0.038851270892
vector:                   6                   4                   2                   1
     -1.177245000000     -1.177245000000     -2.354490000000
force constant matrix:
     -0.319737436772     -0.213780586600      0.003336713197
     -0.213780586600     -0.319737436772      0.003336713197
      0.003336713197      0.003336713197     -0.313074943813
vector:                   6                   5                   2                   2
     -4.708980000000     -2.354490000000      0.000000000000
force constant matrix:
      0.633021364894      0.000000000000      0.000000000000
      0.000000000000      0.022458063856      0.000000000000
      0.000000000000      0.000000000000      0.052974787625
vector:                   6                   6                   2                   2
     -4.708980000000      0.000000000000      0.000000000000
force constant matrix:
     -0.328397992866      0.000000000000      0.000000000000
      0.000000000000     -0.090034562939      0.000000000000
      0.000000000000      0.000000000000     -0.126952892526
vector:                   6                   7                   2                   1
     -2.354490000000     -3.531735000000     -1.177245000000
force constant matrix:
     -0.038851270892     -0.370363219643      0.018921313979
     -0.370363219643     -0.188665927185     -0.058133666686
      0.018921313979     -0.058133666686     -0.087202770029
vector:                   6                   8                   2                   1
     -2.354490000000     -3.531735000000      1.177245000000
force constant matrix:
     -0.038851270892     -0.370363219643     -0.018921313979
     -0.370363219643     -0.188665927185      0.058133666686
     -0.018921313979      0.058133666686     -0.087202770029
vector:                   7                   1                   2                   0
     -7.063470000000      0.000000000000     -1.177245000000
force constant matrix:
     -0.000055136883      0.000000000000      0.000000000000
      0.000000000000     -0.000055136883      0.000000000000
      0.000000000000      0.000000000000     -0.000042710288
vector:                   7                   2                   2                   2
     -4.708980000000      2.354490000000      1.177245000000
force constant matrix:
     -0.033963290225      0.000000000000      0.000000000000
      0.000000000000     -0.002491475055      0.017438109127
      0.000000000000      0.017438109127      0.002616855191
vector:                   7                   3                   2                   0
     -5.886225000000      2.354490000000     -1.177245000000
force constant matrix:
      0.000060442689      0.000000000000      0.000000000000
      0.000000000000      0.000048016093      0.000000000000
      0.000000000000      0.000000000000      0.000060442689
vector:                   7                   4                   2                   1
     -3.531735000000      2.354490000000     -1.177245000000
